   n                  x1                  x2                  x3                 Error

    Columns 1 through 3:

   1.00000000000000e+00   2.50000000000000e-01   4.83870967741935e-02
   2.00000000000000e+00   3.43931451612903e-01   1.50074141519251e-01
   3.00000000000000e+00   4.18092818353278e-01   1.91034836548790e-01
   4.00000000000000e+00   4.60968728077875e-01   2.16763149517972e-01
   5.00000000000000e+00   4.86639820756742e-01   2.32281180228947e-01
   6.00000000000000e+00   5.02048847974685e-01   2.41562826059116e-01
   7.00000000000000e+00   5.11284825956922e-01   2.47128125486630e-01
   8.00000000000000e+00   5.16821627038006e-01   2.50464570783153e-01
   9.00000000000000e+00   5.20140892036094e-01   2.52464706194004e-01
   1.00000000000000e+01   5.22130748915609e-01   2.53663763600884e-01
   1.10000000000000e+01   5.23323643456039e-01   2.54382583844346e-01
   1.20000000000000e+01   5.24038769018904e-01   2.54813507676825e-01
   1.30000000000000e+01   5.24467477957901e-01   2.55071841191614e-01
   1.40000000000000e+01   5.24724483670527e-01   2.55226708942485e-01
   1.50000000000000e+01   5.24878555420263e-01   2.55319550245896e-01
   1.60000000000000e+01   5.24970919530851e-01   2.55375207460346e-01
   1.70000000000000e+01   5.25026290674097e-01   2.55408573272828e-01
   1.80000000000000e+01   5.25059484990426e-01   2.55428575665215e-01
   1.90000000000000e+01   5.25079384572989e-01   2.55440566852345e-01
   2.00000000000000e+01   5.25091314126898e-01   2.55447755420892e-01
   2.10000000000000e+01   5.25098465747092e-01   2.55452064878929e-01
   2.20000000000000e+01   5.25102753055047e-01   2.55454648345784e-01
   2.30000000000000e+01   5.25105323243202e-01   2.55456197102248e-01
   2.40000000000000e+01   5.25106864039249e-01   2.55457125562615e-01
   2.50000000000000e+01   5.25107787727445e-01   2.55457682163135e-01
   2.60000000000000e+01   5.25108341467107e-01   2.55458015838271e-01
   2.70000000000000e+01   5.25108673427193e-01   2.55458215872393e-01
   2.80000000000000e+01   5.25108872433165e-01   2.55458335790377e-01
   2.90000000000000e+01   5.25108991734786e-01   2.55458407679728e-01
   3.00000000000000e+01   5.25109063254634e-01   2.55458450776505e-01

 Columns 4 and 5:

  -2.65725806451613e-01   3.83871255760261e-01
  -3.28780144380853e-01   1.65415902170590e-01
  -3.59963558968627e-01   1.00217701912194e-01
  -3.80291697204923e-01   5.97624381919342e-02
  -3.92389362479399e-01   3.58118341200046e-02
  -3.99633387872277e-01   2.14728969293167e-02
  -4.03977817911941e-01   1.28724893750173e-02
  -4.06582170582186e-01   7.71687902417427e-03
  -4.08143437604497e-01   4.62617805965960e-03
  -4.09079399704894e-01   2.77333637054580e-03
  -4.09640497353213e-01   1.66258086870732e-03
  -4.09976868449501e-01   9.96696696183186e-04
  -4.10178518768129e-01   5.97507356132042e-04
  -4.10299405642936e-01   3.58198278461824e-04
  -4.10371875830952e-01   2.14735442818679e-04
  -4.10415320813384e-01   1.28731245162214e-04
  -4.10441365543639e-01   7.71727911495839e-05
  -4.10456979037675e-01   4.62641349138800e-05
  -4.10466339134463e-01   2.77347773411110e-05
  -4.10471950396854e-01   1.66266563849664e-05
  -4.10475314279337e-01   9.96747509975025e-06
  -4.10477330885329e-01   5.97537818574070e-06
  -4.10478539815708e-01   3.58216540345305e-06
  -4.10479264554535e-01   2.14746390595330e-06
  -4.10479699026509e-01   1.28737808214881e-06
  -4.10479959487090e-01   7.71767256111299e-07
  -4.10480115629990e-01   4.62664935820880e-07
  -4.10480209235730e-01   2.77361913368920e-07
  -4.10480265351215e-01   1.66275040503825e-07
  -4.10480298991755e-01   9.96798327157109e-08
