 n                  x1                  x2                  x3                 Error

    Columns 1 through 3:

   1.00000000000000e+00   2.50000000000000e-01   6.45161290322581e-02
   2.00000000000000e+00   2.41129032258065e-01   7.95698924731183e-02
   3.00000000000000e+00   3.52956989247312e-01   1.56793270898370e-01
   4.00000000000000e+00   3.71629769337496e-01   1.57758931668401e-01
   5.00000000000000e+00   4.22889698231009e-01   1.96476423435117e-01
   6.00000000000000e+00   4.40468525517121e-01   2.02286926775051e-01
   7.00000000000000e+00   4.65652844341039e-01   2.20480358098532e-01
   8.00000000000000e+00   4.77854087210397e-01   2.26171748934933e-01
   9.00000000000000e+00   4.90895127140708e-01   2.35067420541790e-01
   1.00000000000000e+01   4.98536850052626e-01   2.39136968779684e-01
   1.10000000000000e+01   5.05536045330380e-01   2.43704523408349e-01
   1.20000000000000e+01   5.10105111625253e-01   2.46291953393070e-01
   1.30000000000000e+01   5.13948428440097e-01   2.48727421840509e-01
   1.40000000000000e+01   5.16616951855993e-01   2.50286466996240e-01
   1.50000000000000e+01   5.18756955077479e-01   2.51618139740457e-01
   1.60000000000000e+01   5.20296073831408e-01   2.52532428212833e-01
   1.70000000000000e+01   5.21497528422593e-01   2.53272008589778e-01
   1.80000000000000e+01   5.22379154498923e-01   2.53800521140237e-01
   1.90000000000000e+01   5.23056932656920e-01   2.54215110543822e-01
   2.00000000000000e+01   5.23560004785802e-01   2.54518224580359e-01
   2.10000000000000e+01   5.23943421238336e-01   2.54751901431433e-01
   2.20000000000000e+01   5.24229864816185e-01   2.54924984100144e-01
   2.30000000000000e+01   5.24447106480190e-01   2.55057107247651e-01
   2.40000000000000e+01   5.24610005548426e-01   2.55155697163931e-01
   2.50000000000000e+01   5.24733205064977e-01   2.55230535734461e-01
   2.60000000000000e+01   5.24825781040666e-01   2.55286615763212e-01
   2.70000000000000e+01   5.24895684573456e-01   2.55329050313967e-01
   2.80000000000000e+01   5.24948275149107e-01   2.55360924746978e-01
   2.90000000000000e+01   5.24987950144451e-01   2.55384999889262e-01
   3.00000000000000e+01   5.25017819165938e-01   2.55403108413074e-01
   3.10000000000000e+01   5.25040341181347e-01   2.55416771957328e-01
   3.20000000000000e+01   5.25057303265795e-01   2.55427057179971e-01
   3.30000000000000e+01   5.25070089389608e-01   2.55434813228340e-01
   3.40000000000000e+01   5.25079721163651e-01   2.55440654157096e-01
   3.50000000000000e+01   5.25086980451755e-01   2.55445057318882e-01
   3.60000000000000e+01   5.25092449548966e-01   2.55448374083469e-01
   3.70000000000000e+01   5.25096571117290e-01   2.55450873942363e-01
   3.80000000000000e+01   5.25099676498614e-01   2.55452757275854e-01
   3.90000000000000e+01   5.25102016620934e-01   2.55454176599820e-01
   4.00000000000000e+01   5.25103779849087e-01   2.55455245970705e-01
   4.10000000000000e+01   5.25105108524583e-01   2.55456051824416e-01
   4.20000000000000e+01   5.25106109673854e-01   2.55456659012126e-01
   4.30000000000000e+01   5.25106864073963e-01   2.55457116559210e-01
   4.40000000000000e+01   5.25107432517472e-01   2.55457461316841e-01
   4.50000000000000e+01   5.25107860854829e-01   2.55457721104288e-01
   4.60000000000000e+01   5.25108183611137e-01   2.55457916854707e-01
   4.70000000000000e+01   5.25108426815271e-01   2.55458064358137e-01
   4.80000000000000e+01   5.25108610072691e-01   2.55458175503237e-01
   4.90000000000000e+01   5.25108748160840e-01   2.55458259253653e-01
   5.00000000000000e+01   5.25108852212271e-01   2.55458322360613e-01
   5.10000000000000e+01   5.25108930616974e-01   2.55458369913002e-01

 Columns 4 and 5:

  -2.50000000000000e-01   2.50000000000000e-01
  -2.61801075268817e-01   1.44086021505376e-01
  -3.06317204301075e-01   1.11827956989247e-01
  -3.31182678633368e-01   6.80246849346746e-02
  -3.50203306740664e-01   5.12599288935137e-02
  -3.65682958157805e-01   3.16422573185787e-02
  -3.76272992505893e-01   2.51843188239178e-02
  -3.84991915533470e-01   1.54909229616142e-02
  -3.91101621369744e-01   1.30410399303110e-02
  -3.95979243145714e-01   7.97574429103959e-03
  -3.99495176003065e-01   6.99919527775317e-03
  -4.02236263057874e-01   4.56906629487297e-03
  -4.04249212886419e-01   3.84331681484462e-03
  -4.05795947443316e-01   2.66852341589585e-03
  -4.06944392494198e-01   2.14000322148555e-03
  -4.07819459677623e-01   1.53911875392909e-03
  -4.08473327004612e-01   1.20145459118515e-03
  -4.08969158653887e-01   8.81626076329689e-04
  -4.09340996906926e-01   6.77778157997078e-04
  -4.09622194215019e-01   5.03072128882787e-04
  -4.09833506856140e-01   3.83416452533147e-04
  -4.09993060766602e-01   2.86443577849349e-04
  -4.10113101999437e-01   2.17241664004719e-04
  -4.10203660392208e-01   1.62899068236078e-04
  -4.10271837862075e-01   1.23199516551598e-04
  -4.10323244719618e-01   9.25759756885691e-05
  -4.10361961355017e-01   6.99035327905717e-05
  -4.10391145961265e-01   5.25905756508793e-05
  -4.10413130827260e-01   3.96749953436304e-05
  -4.10429700335005e-01   2.98690214874942e-05
  -4.10442183729544e-01   2.25220154085326e-05
  -4.10451591320835e-01   1.69620844479024e-05
  -4.10458679451516e-01   1.27861238126137e-05
  -4.10464020846618e-01   9.63177404378346e-06
  -4.10468045468966e-01   7.25928810352272e-06
  -4.10471078209027e-01   5.46909721144129e-06
  -4.10473363362482e-01   4.12156832363397e-06
  -4.10475085302710e-01   3.10538132386462e-06
  -4.10476382792042e-01   2.34012232058767e-06
  -4.10477360484623e-01   1.76322815259589e-06
  -4.10478097185512e-01   1.32867549595961e-06
  -4.10478652306110e-01   1.00114927092942e-06
  -4.10479070596616e-01   7.54400109270748e-07
  -4.10479385786889e-01   5.68443509374461e-07
  -4.10479623287367e-01   4.28337356694897e-07
  -4.10479802248417e-01   3.22756307680194e-07
  -4.10479937098365e-01   2.43204134608987e-07
  -4.10480038710219e-01   1.83257420016680e-07
  -4.10480115276396e-01   1.38088148027293e-07
  -4.10480172970352e-01   1.04051431359942e-07
  -4.10480216443700e-01   7.84047026192169e-08
